0.0047,-0.0000,-0.0000
0.0063,-0.0000,-0.0000
0.0071,-0.0000,-0.0000
0.0078,-0.0000,-0.0000
0.0089,-0.0000,-0.0000
0.0100,-0.0000,-0.0000
0.0108,-0.0000,-0.0000
0.0115,-0.0000,-0.0000
0.0121,-0.0000,-0.0000
0.0127,-0.0000,-0.0000
0.0661,-0.0000,-0.0000
0.1698,-0.0000,-0.0000
0.2657,-0.0000,-0.0000
0.3206,-0.0000,-0.0000
0.4226,-0.0000,-0.0000
0.4734,-0.0000,-0.0000
0.5242,-0.0000,-0.0000
0.5685,-0.0000,-0.0000
0.6201,-0.0000,-0.0000
0.7178,-0.0000,-0.0000
0.7681,-0.0000,-0.0000
0.8204,-0.0000,-0.0000
0.9200,-0.0000,-0.0000
0.9693,-0.0000,-0.0000
1.0685,-0.0000,-0.0000
1.1197,-0.0000,-0.0000
1.1688,-0.0000,-0.0000
1.2223,-0.0000,-0.0000
1.2692,-0.0000,-0.0000
1.3683,-0.0000,-0.0000
1.4183,-0.0000,-0.0000
1.4685,-0.0000,-0.0000
1.5186,-0.0000,-0.0000
1.5694,-0.0000,-0.0000
1.6190,-0.0000,-0.0000
1.6692,-0.0000,-0.0000
1.7192,-0.0000,-0.0000
1.7692,-0.0000,-0.0000
1.8193,-0.0000,-0.0000
1.9203,-0.0000,-0.0000
1.9705,-0.0000,-0.0000
2.0718,-0.0000,-0.0000
2.1209,-0.0000,-0.0000
2.1712,-0.0000,-0.0000
2.2212,-0.0000,-0.0000
2.2716,-0.0000,-0.0000
2.3713,-0.0000,-0.0000
2.4209,-0.0000,-0.0000
2.4720,-0.0000,-0.0000
2.5215,-0.0000,-0.0000
2.5724,-0.0000,-0.0000
2.6218,-0.0000,-0.0000
2.6724,-0.0000,-0.0000
2.7235,-0.0000,-0.0000
2.7741,-0.0000,-0.0000
2.8242,-0.0000,-0.0000
2.9249,-0.0000,-0.0000
2.9756,-0.0888,-0.0000
2.9777,-0.1752,-0.0000
2.9781,-0.2739,-0.0000
2.9783,-0.3684,-0.0000
2.9870,-0.4589,-0.0000
3.0002,-0.5000,-0.0000
3.0768,-0.5000,-0.0000
3.1384,-0.5000,-0.0000
3.1882,-0.5000,-0.0000
3.2406,-0.5000,-0.0000
3.3377,-0.5000,-0.0000
3.3614,-0.4548,-0.0000
3.3756,-0.3684,-0.0000
3.4252,-0.3684,-0.0000
3.4758,-0.3684,-0.0000
3.4992,-0.2821,-0.0000
3.4996,-0.1998,-0.0000
3.5395,-0.1258,-0.0000
3.5400,-0.0518,-0.0000
3.5403,-0.0000,-0.0000
3.5991,-0.0000,-0.0000
3.6514,-0.0000,-0.0000
3.7497,-0.0000,-0.0000
3.7984,0.0436,-0.0000
3.7995,0.1012,-0.0000
3.8240,0.1669,-0.0000
3.8423,0.2369,-0.0000
3.8437,0.3109,-0.0000
3.8440,0.3808,-0.0000
3.8492,0.4507,-0.0000
3.8611,0.5000,-0.0000
3.9239,0.5000,0.0049
3.9495,0.5000,0.0090
3.9520,0.5000,0.0152
3.9523,0.5000,0.0224
4.0519,0.5000,0.0224
4.1039,0.5000,0.0224
4.1110,0.5000,0.0301
4.1617,0.5000,0.0301
4.1621,0.5000,0.0258
4.1735,0.5000,-0.0000
4.1751,0.4424,-0.0000
4.1759,0.3438,-0.0000
4.1762,0.2492,-0.0000
4.1867,0.1628,-0.0000
4.1987,0.0806,-0.0000
4.1997,0.0066,-0.0000
4.2115,-0.0000,-0.0000
4.2616,-0.0000,-0.0000
4.3123,-0.0000,-0.0000
4.4119,-0.0000,-0.0000
4.4618,-0.0000,-0.0000
4.5122,-0.0000,-0.0000
4.6123,-0.0000,-0.0000
4.6626,-0.0000,-0.0000
4.7128,-0.0000,-0.0000
4.7246,0.0847,-0.0000
4.7384,0.1423,-0.0000
4.7389,0.2040,-0.0000
4.7624,0.2697,-0.0000
4.7743,0.3314,-0.0000
4.7747,0.3890,-0.0000
4.7767,0.4424,-0.0000
4.7880,0.4424,0.0378
4.7892,0.4918,0.0378
4.8241,0.4918,0.1201
4.8245,0.5000,0.1201
4.8248,0.5000,0.1859
4.8257,0.5000,0.2434
4.8376,0.5000,0.3010
4.8381,0.4918,0.3010
4.8620,0.4918,0.3421
4.8643,0.4836,0.3421
4.8739,0.4836,0.3668
4.8751,0.4753,0.3668
4.8756,0.4753,0.3709
4.8763,0.4753,0.3647
4.8773,0.4774,0.3647
4.8778,0.4774,0.3257
4.8781,0.4805,0.3257
4.8989,0.4805,0.2517
4.8993,0.4959,0.2517
4.9236,0.4959,0.1530
4.9239,0.4877,0.1530
4.9253,0.4877,0.0296
4.9257,0.4137,0.0296
4.9261,0.4137,-0.0000
4.9264,0.3314,-0.0000
4.9633,0.2451,-0.0000
4.9746,0.1546,-0.0000
4.9754,0.0765,-0.0000
4.9773,0.0107,-0.0000
4.9789,-0.0000,-0.0000
5.0271,-0.0000,-0.0000
5.0779,-0.0000,-0.0000
5.1281,-0.0000,-0.0000
5.2282,-0.0000,-0.0000
5.3265,-0.0000,-0.0000
5.3636,-0.0847,-0.0000
5.3869,-0.1505,-0.0000
5.3880,-0.2245,-0.0000
5.3985,-0.3068,-0.0000
5.4113,-0.3931,-0.0000
5.4660,-0.4671,-0.0000
5.4666,-0.5000,-0.0000
5.5130,-0.5000,-0.0000
5.5503,-0.5000,-0.0296
5.5640,-0.5000,-0.0543
5.5645,-0.5000,-0.0584
5.5743,-0.5000,-0.0000
5.5891,-0.4466,-0.0000
5.5896,-0.3602,-0.0000
5.6002,-0.2656,-0.0000
5.6006,-0.1711,-0.0000
5.6127,-0.0888,-0.0000
5.6247,-0.0271,-0.0000
5.6497,-0.0000,-0.0000
5.7006,-0.0000,-0.0000
5.7506,-0.0000,-0.0000
5.8014,-0.0000,-0.0000
5.8516,-0.0000,0.1447
5.8520,-0.0000,0.3092
5.8523,-0.0000,0.4901
5.8639,-0.0000,0.6875
5.8748,-0.0000,0.8684
5.8883,-0.0000,1.0000
5.8888,-0.0066,1.0000
5.8911,-0.0148,1.0000
5.8996,-0.0169,1.0000
5.9122,-0.0199,1.0000
5.9239,-0.0235,1.0000
5.9744,-0.0235,1.0000
6.0244,-0.0235,1.0000
6.0750,-0.0235,1.0000
6.1253,-0.0235,1.0000
6.1387,-0.0274,1.0000
6.1864,-0.0274,1.0000
6.2121,-0.0314,1.0000
6.2617,-0.0354,1.0000
6.3601,-0.0354,1.0000
6.3626,-0.0395,1.0000
6.4123,-0.0395,1.0000
6.4630,-0.0395,1.0000
6.4750,-0.0477,1.0000
6.5749,-0.0477,1.0000
6.6253,-0.0477,1.0000
6.6745,-0.0498,1.0000
6.7254,-0.0528,1.0000
6.7755,-0.0528,1.0000
6.8257,-0.0528,1.0000
6.8762,-0.0528,1.0000
6.9265,-0.0528,1.0000
6.9777,-0.0528,1.0000
7.0274,-0.0528,1.0000
7.0786,-0.0528,1.0000
7.1280,-0.0528,1.0000
7.1367,-0.0564,1.0000
7.1742,-0.0603,1.0000
7.2244,-0.0603,1.0000
7.2749,-0.0603,1.0000
7.2999,-0.0643,1.0000
7.3994,-0.0643,1.0000
7.4494,-0.0559,1.0000
7.4629,-0.0539,1.0000
7.4638,-0.0508,1.0000
7.4752,-0.0395,1.0000
7.4757,-0.0313,1.0000
7.5004,-0.0292,1.0000
7.5112,-0.0189,1.0000
7.5129,-0.0066,1.0000
7.5243,-0.0066,0.9754
7.5257,-0.0000,0.9754
7.5260,-0.0000,0.8027
7.5371,-0.0000,0.6135
7.5495,-0.0000,0.4326
7.5995,-0.0000,0.2681
7.5999,-0.0000,0.1036
7.6006,-0.0000,-0.0000
7.6509,-0.0000,-0.0000
7.6992,0.0189,-0.0000
7.6996,0.0765,-0.0000
7.7005,0.1546,-0.0000
7.7138,0.2410,-0.0000
7.7240,0.3273,-0.0000
7.7369,0.4178,-0.0000
7.7501,0.4959,-0.0000
7.7508,0.4959,0.0132
7.7523,0.4980,0.0132
7.7624,0.4980,0.0378
7.7985,0.4980,0.0625
7.8003,0.4980,0.0666
7.8008,0.4980,0.0728
7.8504,0.4980,0.0728
7.8737,0.4980,0.0378
7.8870,0.4980,-0.0000
7.8899,0.4424,-0.0000
7.8992,0.3561,-0.0000
7.9118,0.2615,-0.0000
7.9236,0.1669,-0.0000
7.9258,0.0806,-0.0000
7.9626,0.0107,-0.0000
7.9630,-0.0000,-0.0000
8.0620,-0.0000,-0.0000
8.1619,-0.0000,-0.0000
8.2117,-0.0559,-0.0000
8.2244,-0.1382,-0.0000
8.2248,-0.2327,-0.0000
8.2372,-0.3314,-0.0000
8.2622,-0.4260,-0.0000
8.2625,-0.5000,-0.0000
8.3607,-0.5000,-0.0000
8.4233,-0.4466,-0.0000
8.4244,-0.3479,-0.0000
8.4615,-0.2451,-0.0000
8.4740,-0.1423,-0.0000
8.4744,-0.0395,-0.0000
8.4750,-0.0000,-0.0000
8.5255,-0.0000,-0.0000
8.5259,0.0395,-0.0000
8.5275,0.0395,-0.0132
8.5279,0.1094,-0.0132
8.5737,0.1094,-0.0790
8.5741,0.1875,-0.0790
8.5763,0.1875,-0.1530
8.5767,0.2697,-0.1530
8.5770,0.2697,-0.2270
8.5773,0.3561,-0.2270
8.5775,0.3561,-0.2928
8.5778,0.4383,-0.2928
8.5871,0.4383,-0.3668
8.5880,0.4753,-0.3668
8.5985,0.4753,-0.3915
8.5994,0.4733,-0.3915
8.5998,0.4733,-0.4079
8.6001,0.4702,-0.4079
8.6245,0.4702,-0.4244
8.6248,0.4666,-0.4244
8.6749,0.4666,-0.4244
8.7251,0.4666,-0.4244
8.8254,0.4666,-0.4244
8.8382,0.4666,-0.4573
8.8387,0.4507,-0.4573
8.8658,0.4507,-0.4408
8.8670,0.3849,-0.4408
8.8689,0.3849,-0.3832
8.8694,0.2985,-0.3832
8.8697,0.2985,-0.3010
8.8699,0.2122,-0.3010
8.8866,0.2122,-0.2105
8.8870,0.1341,-0.2105
8.8890,0.1341,-0.1283
8.8893,0.0641,-0.1283
8.8896,0.0641,-0.0378
8.8898,0.0066,-0.0378
8.8998,0.0066,-0.0000
8.9002,-0.0000,-0.0000
8.9520,-0.0000,-0.0000
9.0002,-0.0000,-0.0000
9.0508,-0.0000,-0.0000
9.1007,-0.0000,-0.0000
9.1367,0.0929,-0.0000
9.1383,0.1711,-0.0000
9.1522,0.1711,-0.0543
9.1527,0.2574,-0.0543
9.1883,0.2574,-0.1036
9.1891,0.3396,-0.1036
9.1994,0.3396,-0.1447
9.2003,0.4178,-0.1447
9.2116,0.4178,-0.1776
9.2120,0.4836,-0.1776
9.2125,0.4836,-0.1941
9.2128,0.5000,-0.1941
9.2139,0.5000,-0.1982
9.2146,0.5000,-0.2044
9.2627,0.5000,-0.2116
9.2649,0.5000,-0.2352
9.2673,0.5000,-0.2393
9.2677,0.4980,-0.2393
9.2868,0.4980,-0.2599
9.2998,0.4980,-0.2763
9.3002,0.4949,-0.2763
9.3134,0.4949,-0.2928
9.3139,0.4507,-0.2928
9.3143,0.4507,-0.2887
9.3146,0.3767,-0.2887
9.3499,0.3767,-0.2352
9.3549,0.2944,-0.2352
9.3744,0.2944,-0.1776
9.3749,0.2081,-0.1776
9.3752,0.2081,-0.1036
9.3756,0.1258,-0.1036
9.3760,0.1258,-0.0296
9.3763,0.0518,-0.0296
9.3766,0.0518,-0.0000
9.3769,-0.0000,-0.0000
9.4281,-0.0000,-0.0000
9.4782,-0.0000,-0.0000
9.5283,-0.0000,-0.0000
9.5785,-0.0000,-0.0000
9.6293,-0.0000,-0.0000
9.6489,-0.0888,-0.0000
9.6502,-0.1752,-0.0000
9.6515,-0.2697,-0.0000
9.6758,-0.3643,-0.0000
9.6885,-0.4548,-0.0000
9.6890,-0.5000,-0.0000
9.7269,-0.5000,-0.0214
9.7272,-0.5000,-0.0255
9.7490,-0.5000,-0.0245
9.7993,-0.5000,-0.0245
9.8261,-0.5000,-0.0049
9.8278,-0.5000,-0.0000
9.8369,-0.3150,-0.0000
9.8500,-0.2122,-0.0000
9.8618,-0.1176,-0.0000
9.8749,-0.0271,-0.0000
9.9113,-0.0000,-0.0000
9.9617,-0.0000,-0.0000
10.0506,-0.0000,-0.0000
10.0512,-0.0600,-0.0000
10.0517,-0.1464,-0.0000
10.0887,-0.2451,-0.0000
10.1363,-0.3438,-0.0000
10.1368,-0.4383,-0.0000
10.1374,-0.5000,-0.0000
10.1500,-0.5000,-0.0625
10.1514,-0.5000,-0.0790
10.1743,-0.5000,-0.0748
10.2112,-0.5000,-0.0543
10.2123,-0.5000,-0.0378
10.2127,-0.5000,-0.0049
10.2358,-0.5000,-0.0000
10.2503,-0.4054,-0.0000
10.2510,-0.3026,-0.0000
10.2737,-0.2040,-0.0000
10.2753,-0.1094,-0.0000
10.2770,-0.0230,-0.0000
10.2871,-0.0000,-0.0000
10.3874,-0.0000,-0.0000
10.4365,-0.0000,-0.0000
10.4741,-0.1217,-0.0000
10.4772,-0.2204,-0.0000
10.4873,-0.3191,-0.0000
10.4991,-0.4137,-0.0000
10.5110,-0.5000,-0.0000
10.5365,-0.5000,-0.0461
10.5378,-0.5000,-0.0872
10.5750,-0.5000,-0.1118
10.6529,-0.5000,-0.0954
10.6536,-0.5000,-0.0543
10.6623,-0.5000,-0.0000
10.6655,-0.0189,-0.0000
10.6737,-0.0000,-0.0000
10.7237,-0.0000,-0.0000
10.7612,0.0600,-0.0000
10.7632,0.1464,-0.0000
10.7636,0.2410,-0.0000
10.7743,0.3396,-0.0000
10.7870,0.4342,-0.0000
10.8006,0.5000,-0.0000
10.8999,0.5000,-0.0000
10.9503,0.5000,-0.0000
11.0009,0.5000,-0.0000
11.0510,0.5000,-0.0000
11.1013,0.5000,-0.0000
11.1520,0.5000,-0.0000
11.2014,0.4753,-0.0000
11.2111,0.2697,-0.0000
11.2133,0.1669,-0.0000
11.2368,0.0765,-0.0000
11.2519,-0.0000,-0.0000
11.3122,-0.0000,-0.0000
11.3998,-0.0189,-0.0000
11.4007,-0.0888,-0.0000
11.4117,-0.1752,-0.0000
11.4234,-0.2697,-0.0000
11.4254,-0.3684,-0.0000
11.4363,-0.4630,-0.0000
11.4525,-0.5000,-0.0000
11.5001,-0.5000,-0.0000
11.5497,-0.5000,-0.0000
11.6006,-0.5000,-0.0000
11.6534,-0.5000,-0.0000
11.7532,-0.5000,-0.0000
11.8504,-0.5000,-0.0000
11.8756,-0.5000,0.5230
11.8760,-0.4342,0.5230
11.8883,-0.4342,0.6053
11.8888,-0.4054,0.6053
11.9003,-0.4054,0.6793
11.9008,-0.3725,0.6793
11.9120,-0.3725,0.7698
11.9123,-0.3314,0.7698
11.9126,-0.3314,0.8191
11.9129,-0.2985,0.8191
11.9249,-0.2985,0.8602
11.9253,-0.2697,0.8602
11.9372,-0.2697,0.9013
11.9379,-0.2369,0.9013
11.9662,-0.2369,0.9342
11.9667,-0.2040,0.9342
11.9670,-0.2040,0.9589
11.9673,-0.1711,0.9589
11.9677,-0.1711,0.9836
11.9680,-0.1341,0.9836
11.9744,-0.1341,1.0000
11.9751,-0.0929,1.0000
11.9873,-0.0559,1.0000
12.0239,-0.0230,1.0000
12.0249,-0.0000,1.0000
12.0754,-0.0000,1.0000
12.1251,0.0107,1.0000
12.1370,0.0518,1.0000
12.1488,0.0888,1.0000
12.1624,0.1176,1.0000
12.1631,0.1176,0.9959
12.1634,0.1299,0.9959
12.1764,0.1279,0.9959
12.1868,0.1279,0.8273
12.1872,0.1094,0.8273
12.2363,0.1094,0.6300
12.2367,0.0806,0.6300
12.2372,0.0806,0.4326
12.2376,0.0436,0.4326
12.2493,0.0436,0.2352
12.2497,0.0025,0.2352
12.2500,0.0025,0.0707
12.2503,-0.0000,0.0707
12.2507,-0.0000,-0.0000
12.3015,-0.0000,-0.0000
12.4018,-0.0000,-0.0000
12.4247,-0.0765,-0.0000
12.4364,-0.1752,-0.0000
12.4493,-0.1752,-0.0214
12.4498,-0.2656,-0.0214
12.4870,-0.2656,-0.0954
12.4873,-0.3561,-0.0954
12.4879,-0.3561,-0.1694
12.4881,-0.4466,-0.1694
12.4902,-0.4466,-0.2352
12.4907,-0.4918,-0.2352
12.4911,-0.4918,-0.3010
12.4913,-0.4836,-0.3010
12.5127,-0.4836,-0.3421
12.5143,-0.4753,-0.3421
12.5146,-0.4753,-0.3586
12.5149,-0.4733,-0.3586
12.5623,-0.4733,-0.3586
12.5873,-0.4733,-0.3545
12.5877,-0.4738,-0.3545
12.5879,-0.4738,-0.3092
12.5882,-0.4836,-0.3092
12.5923,-0.4836,-0.2599
12.5927,-0.4507,-0.2599
12.5990,-0.4507,-0.1859
12.5996,-0.3561,-0.1859
12.6119,-0.3561,-0.1118
12.6122,-0.2615,-0.1118
12.6484,-0.2615,-0.0378
12.6487,-0.1669,-0.0378
12.6496,-0.1669,-0.0000
12.6499,-0.0724,-0.0000
12.6862,-0.0000,-0.0000
12.7376,-0.0000,-0.0000
12.7880,-0.0000,-0.0000
12.8359,-0.0970,-0.0000
12.8370,-0.1957,-0.0000
12.8490,-0.2985,-0.0000
12.9029,-0.2985,-0.0000
12.9235,-0.3972,-0.0000
12.9253,-0.5000,-0.0000
12.9761,-0.5000,-0.0000
13.0256,-0.5000,-0.0000
13.0771,-0.5000,-0.0000
13.0863,-0.4630,-0.0000
13.1494,-0.3725,-0.0000
13.1497,-0.2780,-0.0000
13.1511,-0.1793,-0.0000
13.1515,-0.0888,-0.0000
13.1517,-0.0000,-0.0000
13.1623,0.5000,-0.0000
13.2124,0.5000,-0.0000
13.2659,0.5000,-0.0000
13.3137,0.5000,-0.0000
13.4128,0.5000,-0.0000
13.4246,0.5000,-0.1447
13.4250,0.4342,-0.1447
13.4768,0.4342,-0.1447
13.5012,0.2574,-0.1447
13.5023,0.2574,-0.1118
13.5032,0.1711,-0.1118
13.5038,0.1711,-0.0625
13.5055,0.0929,-0.0625
13.5060,0.0929,-0.0049
13.5062,0.0271,-0.0049
13.5065,0.0271,-0.0000
13.5068,-0.0000,-0.0000
13.5539,-0.0000,-0.0000
13.6059,-0.0000,-0.0000
13.6547,-0.0000,-0.0000
13.7061,-0.0000,-0.0000
13.7556,-0.0000,-0.0000
13.8072,-0.0000,-0.0000
13.8565,-0.0000,-0.0000
13.9081,-0.0000,-0.0000
13.9592,-0.0000,-0.0000
14.0577,-0.0000,-0.0000
14.1092,-0.0000,-0.0000
14.1586,-0.0000,-0.0000
14.2095,-0.0000,-0.0000
14.2597,-0.0000,-0.0000
14.3119,-0.0000,-0.0000
14.3604,-0.0000,-0.0000
14.4110,-0.0000,-0.0000
14.4607,-0.0000,-0.0000
14.5114,-0.0000,-0.0000
14.5611,-0.0000,-0.0000
14.6113,-0.0000,-0.0000
14.6614,-0.0000,-0.0000
14.7125,-0.0000,-0.0000
14.7619,-0.0000,-0.0000
14.8615,-0.0000,-0.0000
14.9133,-0.0000,-0.0000
14.9630,-0.0000,-0.0000
15.0139,-0.0000,-0.0000
15.0633,-0.0000,-0.0000
15.1628,-0.0000,-0.0000
15.2148,-0.0000,-0.0000
15.2637,-0.0000,-0.0000
15.3158,-0.0000,-0.0000
15.4149,-0.0000,-0.0000
15.4642,-0.0000,-0.0000
15.5638,-0.0000,-0.0000
15.6148,-0.0000,-0.0000
15.6643,-0.0000,-0.0000
15.7152,-0.0000,-0.0000
15.7647,-0.0000,-0.0000
15.8150,-0.0000,-0.0000
15.8650,-0.0000,-0.0000
15.9172,-0.0000,-0.0000
15.9670,-0.0000,-0.0000
16.0184,-0.0000,-0.0000
16.1175,-0.0000,-0.0000
16.1678,-0.0000,-0.0000
16.2185,-0.0000,-0.0000
16.2699,-0.0000,-0.0000
16.3208,-0.0000,-0.0000
16.3743,-0.0000,-0.0000
16.4205,-0.0000,-0.0000
16.4725,-0.0000,-0.0000
16.5220,-0.0000,-0.0000
16.5723,-0.0000,-0.0000
16.6223,-0.0000,-0.0000
16.6732,-0.0000,-0.0000
16.7225,-0.0000,-0.0000
16.7736,-0.0000,-0.0000
16.8244,-0.0000,-0.0000
16.9250,-0.0000,-0.0000
16.9751,-0.0000,-0.0000
17.0251,-0.0000,-0.0000
17.0787,-0.0000,-0.0000
17.1261,-0.0000,-0.0000
17.1779,-0.0000,-0.0000
17.2772,-0.0000,-0.0000
17.3786,-0.0000,-0.0000
17.4255,-0.0000,-0.0000
17.4780,-0.0000,-0.0000
17.5274,-0.0000,-0.0000
17.5766,-0.0000,-0.0000
17.6269,-0.0000,-0.0000
17.6769,-0.0000,-0.0000
17.7272,-0.0000,-0.0000
17.7787,-0.0000,-0.0000
17.8275,-0.0000,-0.0000
17.8799,-0.0000,-0.0000
17.9303,-0.0000,-0.0000
17.9799,-0.0000,-0.0000
18.0299,-0.0000,-0.0000
18.0811,-0.0000,-0.0000
18.1798,-0.0000,-0.0000
18.2307,-0.0000,-0.0000
18.2803,-0.0000,-0.0000
18.3805,-0.0000,-0.0000
18.4291,-0.0000,-0.0000
18.4792,-0.0000,-0.0000
18.5820,-0.0000,-0.0000
18.6286,-0.0000,-0.0000
18.6793,-0.0000,-0.0000
18.7293,-0.0000,-0.0000
18.7805,-0.0000,-0.0000
18.8298,-0.0000,-0.0000
18.8806,-0.0000,-0.0000
18.9313,-0.0000,-0.0000
19.0327,-0.0000,-0.0000
19.0839,-0.0000,-0.0000
19.1338,-0.0000,-0.0000
19.1827,-0.0000,-0.0000
19.2344,-0.0000,-0.0000
19.2841,-0.0000,-0.0000
19.3870,-0.0000,-0.0000
19.4863,-0.0000,-0.0000
19.5342,-0.0000,-0.0000
19.5875,-0.0000,-0.0000
19.6353,-0.0000,-0.0000
19.6848,-0.0000,-0.0000
19.7355,-0.0000,-0.0000
19.7879,-0.0000,-0.0000
19.8369,-0.0000,-0.0000
19.8863,-0.0000,-0.0000
19.9381,-0.0000,-0.0000
19.9893,-0.0000,-0.0000
20.0877,-0.0000,-0.0000
20.1388,-0.0000,-0.0000
20.1887,-0.0000,-0.0000
20.2391,-0.0000,-0.0000
20.3381,-0.0000,-0.0000
20.3882,-0.0000,-0.0000
20.4889,-0.0000,-0.0000
20.5381,-0.0000,-0.0000
20.6385,-0.0000,-0.0000
20.7386,-0.0000,-0.0000
20.7890,-0.0000,-0.0000
20.8398,-0.0000,-0.0000
20.8907,-0.0000,-0.0000
20.9898,-0.0000,-0.0000
21.0404,-0.0000,-0.0000
21.0906,-0.0000,-0.0000
21.1943,-0.0000,-0.0000
21.2909,-0.0000,-0.0000
21.3908,-0.0000,-0.0000
21.4927,-0.0000,-0.0000
21.5905,-0.0000,-0.0000
21.6408,-0.0000,-0.0000
21.6908,-0.0000,-0.0000
21.7903,-0.0000,-0.0000
21.8937,-0.0000,-0.0000
21.9418,-0.0000,-0.0000
22.0409,-0.0000,-0.0000
22.0938,-0.0000,-0.0000
22.1416,-0.0000,-0.0000
22.1915,-0.0000,-0.0000
22.2416,-0.0000,-0.0000
22.2924,-0.0000,-0.0000
22.3936,-0.0000,-0.0000
22.4413,-0.0000,-0.0000
22.4916,-0.0000,-0.0000
22.5930,-0.0000,-0.0000
22.6411,-0.0000,-0.0000
22.6919,-0.0000,-0.0000
22.7413,-0.0000,-0.0000
22.7935,-0.0000,-0.0000
22.8414,-0.0000,-0.0000
22.8939,-0.0000,-0.0000
22.9444,-0.0000,-0.0000
22.9944,-0.0000,-0.0000
23.0452,-0.0000,-0.0000
23.0948,-0.0000,-0.0000
23.1452,-0.0000,-0.0000
23.1964,-0.0000,-0.0000
23.2465,-0.0000,-0.0000
23.2972,-0.0000,-0.0000
23.3957,-0.0000,-0.0000
23.4468,-0.0000,-0.0000
23.4970,-0.0000,-0.0000
23.5474,-0.0000,-0.0000
23.5979,-0.0000,-0.0000
23.6482,-0.0000,-0.0000
23.6994,-0.0000,-0.0000
23.7486,-0.0000,-0.0000
23.7996,-0.0000,-0.0000
23.8493,-0.0000,-0.0000
23.9004,-0.0000,-0.0000
24.0026,-0.0000,-0.0000
24.0501,-0.0000,-0.0000
24.1564,-0.0000,-0.0000
24.2022,-0.0000,-0.0000
24.2517,-0.0000,-0.0000
24.3035,-0.0000,-0.0000
24.4055,-0.0000,-0.0000
24.4529,-0.0000,-0.0000
24.5048,-0.0000,-0.0000
24.6061,-0.0000,-0.0000
24.6542,-0.0000,-0.0000
24.7056,-0.0000,-0.0000
24.7546,-0.0000,-0.0000
24.8051,-0.0000,-0.0000
24.8553,-0.0000,-0.0000
24.9069,-0.0000,-0.0000
25.0066,-0.0000,-0.0000
25.0565,-0.0000,-0.0000
25.1085,-0.0000,-0.0000
25.2061,-0.0000,-0.0000
25.2563,-0.0000,-0.0000
25.3551,-0.0000,-0.0000
25.4076,-0.0000,-0.0000
25.4557,-0.0000,-0.0000
25.5071,-0.0000,-0.0000
25.6072,-0.0000,-0.0000
25.6552,-0.0000,-0.0000
