24.5339,0.2000,0.0000
24.6343,0.0000,0.0000
25.0333,0.2000,0.0000
25.0650,0.2000,0.0000
25.0945,0.2000,0.0000
25.1259,0.2000,0.0000
25.1538,0.2000,0.0000
25.1856,0.2000,0.0000
25.2154,0.2000,0.0000
25.2442,0.2000,0.0000
25.2741,0.2000,0.0000
25.3058,0.2000,0.0000
25.3346,0.2000,0.0000
25.3659,0.2000,0.0000
25.3949,0.2000,0.0000
25.4310,0.2000,0.0000
25.4622,0.2000,0.0000
25.4988,0.2000,0.0000
25.5215,0.2000,0.0000
25.5585,0.2000,0.0000
25.5907,0.2000,0.0000
25.6099,0.2000,0.0000
25.6470,0.2000,0.0000
25.6812,0.2000,0.0000
25.7013,0.2000,0.0000
25.7376,0.2000,0.0000
25.7720,0.2000,0.0000
25.7853,0.2000,0.0000
25.8153,0.2000,0.0000
25.8542,0.2000,0.0000
25.8900,0.2000,0.0000
25.9110,0.2000,0.0000
25.9443,0.2000,0.0000
25.9783,0.2000,0.0000
25.9960,0.2000,0.0000
26.0328,0.2000,0.0000
26.0658,0.2000,0.0000
26.0904,0.2000,0.0000
26.1198,0.2000,0.0000
26.1533,0.2000,0.0000
26.1802,0.2000,0.0000
26.2069,0.2000,0.0000
26.2389,0.2000,0.0000
26.2654,0.2000,0.0000
26.2954,0.2000,0.0000
26.3258,0.2000,0.0000
26.3571,0.2000,0.0000
26.3901,0.2000,0.0000
26.4241,0.2000,0.0000
26.4435,0.2000,0.0000
26.5032,0.2000,0.0000
26.5157,0.2000,0.0000
26.5498,0.2000,0.0000
26.5849,0.2000,0.0000
26.6005,0.2000,0.0000
26.6412,0.2000,0.0000
26.6800,0.2000,0.0000
26.7089,0.2000,0.0000
26.7373,0.2000,0.0000
26.7608,0.2000,0.0000
26.7945,0.2000,0.0000
26.8185,0.2000,0.0000
26.8532,0.2000,0.0000
26.8739,0.2000,0.0000
26.9007,0.2000,0.0000
26.9319,0.2000,0.0000
26.9676,0.2000,0.0000
26.9872,0.2000,0.0000
27.0163,0.2000,0.0000
27.0453,0.2000,0.0000
27.0809,0.2000,0.0000
27.1121,0.2000,0.0000
27.1422,0.2000,0.0000
27.1779,0.2000,0.0000
27.1983,0.2000,0.0000
27.2292,0.2000,0.0000
27.2578,0.2000,0.0000
27.2939,0.2000,0.0000
27.3269,0.2000,0.0000
27.3442,0.2000,0.0000
27.3778,0.2000,0.0000
27.4058,0.2000,0.0000
27.4391,0.2000,0.0000
27.4792,0.2000,0.0000
27.5080,0.2000,0.0000
27.5313,0.2000,0.0000
27.5568,0.2000,0.0000
27.5874,0.2000,0.0000
27.6230,0.2000,0.0000
27.6534,0.2000,0.0000
27.6911,0.2000,0.0000
27.7055,0.2000,0.0000
27.7357,0.2000,0.0000
27.7715,0.2000,0.0000
27.8006,0.2000,0.0000
27.8292,0.2000,0.0000
27.8621,0.2000,0.0000
27.8974,0.2000,0.0000
27.9252,0.2000,0.0000
27.9563,0.2000,0.0000
27.9817,0.2000,0.0000
28.0077,0.2000,0.0000
28.0342,0.2000,0.0000
28.0665,0.2000,0.0000
28.0959,0.2000,0.0000
28.1254,0.2000,0.0000
28.1549,0.2000,0.0000
28.1858,0.2000,0.0000
28.2157,0.2000,0.0000
28.2443,0.2000,0.0000
28.2765,0.2000,0.0000
28.3063,0.2000,0.0000
28.3352,0.2000,0.0000
28.3645,0.2000,0.0000
28.3946,0.2000,0.0000
28.4267,0.2000,0.0000
28.4565,0.2000,0.0000
28.4930,0.2000,0.0000
28.5215,0.2000,0.0000
28.5567,0.2000,0.0000
28.5756,0.2000,0.0000
28.6061,0.2000,0.0000
28.6357,0.2000,0.0000
28.6670,0.2000,0.0000
28.7047,0.2000,0.0000
28.7313,0.2000,0.0000
28.7630,0.2000,0.0000
28.7956,0.2000,0.0000
28.8296,0.2000,0.0000
28.8448,0.2000,0.0000
28.8828,0.2000,0.0000
28.9048,0.2000,0.0000
28.9344,0.2000,0.0000
28.9643,0.2000,0.0000
28.9963,0.2000,0.0000
29.0273,0.2000,0.0000
29.0599,0.2000,0.0000
29.0847,0.2000,0.0000
29.1160,0.2000,0.0000
29.1471,0.2000,0.0000
29.1791,0.2000,0.0000
29.2100,0.2000,0.0000
29.2438,0.2000,0.0000
29.2755,0.2000,0.0000
29.2990,0.2000,0.0000
29.3991,0.0000,0.0000
29.7496,0.0000,-0.9000
29.8499,0.0000,0.0000
30.2500,0.0000,-0.9000
30.2799,0.0000,-0.9000
30.3116,0.0000,-0.9000
30.3402,0.0000,-0.9000
30.3688,0.0000,-0.9000
30.4006,0.0000,-0.9000
30.4311,0.0000,-0.9000
30.4602,0.0000,-0.9000
30.4935,0.0000,-0.9000
30.5254,0.0000,-0.9000
30.5528,0.0000,-0.9000
30.5881,0.0000,-0.9000
30.6127,0.0000,-0.9000
30.6417,0.0000,-0.9000
30.6694,0.0000,-0.9000
30.7004,0.0000,-0.9000
30.7295,0.0000,-0.9000
30.7597,0.0000,-0.9000
30.7917,0.0000,-0.9000
30.8244,0.0000,-0.9000
30.8536,0.0000,-0.9000
30.8836,0.0000,-0.9000
30.9110,0.0000,-0.9000
30.9407,0.0000,-0.9000
30.9698,0.0000,-0.9000
31.0037,0.0000,-0.9000
31.0336,0.0000,-0.9000
31.0616,0.0000,-0.9000
31.0972,0.0000,-0.9000
31.1244,0.0000,-0.9000
31.1515,0.0000,-0.9000
31.1804,0.0000,-0.9000
31.2100,0.0000,-0.9000
31.2427,0.0000,-0.9000
31.2693,0.0000,-0.9000
31.3011,0.0000,-0.9000
31.3302,0.0000,-0.9000
31.3670,0.2000,0.0000
31.4670,0.0000,0.0000
31.8662,0.2000,0.0000
31.9001,0.2000,0.0000
31.9274,0.2000,0.0000
31.9573,0.2000,0.0000
31.9861,0.2000,0.0000
32.0189,0.2000,0.0000
32.0460,0.2000,0.0000
32.0769,0.2000,0.0000
32.1093,0.2000,0.0000
32.1393,0.2000,0.0000
32.1680,0.2000,0.0000
32.1989,0.2000,0.0000
32.2288,0.2000,0.0000
32.2575,0.2000,0.0000
32.2864,0.2000,0.0000
32.3163,0.2000,0.0000
32.3488,0.2000,0.0000
32.3774,0.2000,0.0000
32.4092,0.2000,0.0000
32.4401,0.2000,0.0000
32.4691,0.2000,0.0000
32.5022,0.2000,0.0000
32.5408,0.2000,0.0000
32.5604,0.2000,0.0000
32.5919,0.2000,0.0000
32.6182,0.2000,0.0000
32.6465,0.2000,0.0000
32.6778,0.2000,0.0000
32.7087,0.2000,0.0000
32.7384,0.2000,0.0000
32.7675,0.2000,0.0000
32.8030,0.2000,0.0000
32.8308,0.2000,0.0000
32.8585,0.2000,0.0000
32.8927,0.2000,0.0000
32.9215,0.2000,0.0000
32.9482,0.2000,0.0000
32.9788,0.2000,0.0000
33.0103,0.2000,0.0000
33.0639,0.0000,-0.9000
33.1639,0.0000,0.0000
33.5627,0.0000,-0.9000
33.5929,0.0000,-0.9000
33.6308,0.0000,-0.9000
33.6544,0.0000,-0.9000
33.6835,0.0000,-0.9000
33.7131,0.0000,-0.9000
33.7438,0.0000,-0.9000
33.7730,0.0000,-0.9000
33.8057,0.0000,-0.9000
33.8345,0.0000,-0.9000
33.8646,0.0000,-0.9000
33.8927,0.0000,-0.9000
33.9247,0.0000,-0.9000
33.9554,0.0000,-0.9000
33.9853,0.0000,-0.9000
34.0161,0.0000,-0.9000
34.0443,0.0000,-0.9000
34.0727,0.0000,-0.9000
34.1058,0.0000,-0.9000
34.1366,0.0000,-0.9000
34.1687,0.0000,-0.9000
34.1976,0.0000,-0.9000
34.2317,0.0000,-0.9000
34.2626,0.0000,-0.9000
34.2919,0.0000,-0.9000
34.3237,0.0000,-0.9000
34.3537,0.0000,-0.9000
34.3756,0.0000,-0.9000
34.4072,0.0000,-0.9000
34.4404,0.0000,-0.9000
34.4688,0.0000,-0.9000
34.4935,0.0000,-0.9000
34.5270,0.0000,-0.9000
34.5577,0.0000,-0.9000
34.5895,0.0000,-0.9000
34.6133,0.0000,-0.9000
34.6447,0.0000,-0.9000
34.6750,0.0000,-0.9000
34.7038,0.0000,-0.9000
34.7379,0.0000,-0.9000
34.7644,0.0000,-0.9000
34.7932,0.0000,-0.9000
34.8254,0.0000,-0.9000
34.8553,0.0000,-0.9000
34.8842,0.0000,-0.9000
34.9185,0.0000,-0.9000
34.9466,0.0000,-0.9000
34.9747,0.0000,-0.9000
35.0046,0.0000,-0.9000
35.0362,0.0000,-0.9000
35.0697,0.0000,-0.9000
35.1041,0.0000,-0.9000
35.1233,0.0000,-0.9000
35.1558,0.0000,-0.9000
35.1853,0.0000,-0.9000
35.2182,0.0000,-0.9000
35.2533,0.0000,-0.9000
35.2797,0.0000,-0.9000
35.3183,0.0000,-0.9000
35.3450,0.0000,-0.9000
35.3650,0.0000,-0.9000
35.3968,0.0000,-0.9000
35.4302,0.0000,-0.9000
35.4539,0.0000,-0.9000
35.4880,0.0000,-0.9000
35.5186,0.0000,-0.9000
35.5457,0.0000,-0.9000
35.5730,0.0000,-0.9000
35.6085,0.0000,-0.9000
35.6348,0.0000,-0.9000
35.7188,0.2000,0.0000
35.8188,0.0000,0.0000
36.2256,0.2000,0.0000
36.2490,0.2000,0.0000
36.2788,0.2000,0.0000
36.3074,0.2000,0.0000
36.3386,0.2000,0.0000
36.3690,0.2000,0.0000
36.3990,0.2000,0.0000
36.4362,0.2000,0.0000
36.4593,0.2000,0.0000
36.4892,0.2000,0.0000
36.5243,0.2000,0.0000
36.5538,0.2000,0.0000
36.5834,0.2000,0.0000
36.6086,0.2000,0.0000
36.6410,0.2000,0.0000
36.6693,0.2000,0.0000
36.7033,0.2000,0.0000
36.7349,0.2000,0.0000
36.7592,0.2000,0.0000
36.7894,0.2000,0.0000
36.8250,0.2000,0.0000
36.8500,0.2000,0.0000
36.8794,0.2000,0.0000
36.9092,0.2000,0.0000
36.9430,0.2000,0.0000
36.9713,0.2000,0.0000
37.0021,0.2000,0.0000
37.0343,0.2000,0.0000
37.0646,0.2000,0.0000
37.0884,0.2000,0.0000
37.1221,0.2000,0.0000
37.1519,0.2000,0.0000
37.1842,0.2000,0.0000
37.2173,0.2000,0.0000
37.2399,0.2000,0.0000
37.2741,0.2000,0.0000
37.3032,0.2000,0.0000
37.3390,0.2000,0.0000
37.3699,0.2000,0.0000
37.4002,0.2000,0.0000
37.4326,0.2000,0.0000
37.4564,0.2000,0.0000
37.4873,0.2000,0.0000
37.5190,0.2000,0.0000
37.5410,0.2000,0.0000
37.5708,0.2000,0.0000
37.6061,0.2000,0.0000
37.6390,0.2000,0.0000
37.6686,0.2000,0.0000
37.6922,0.2000,0.0000
37.7237,0.2000,0.0000
37.7509,0.2000,0.0000
37.7804,0.2000,0.0000
37.8093,0.2000,0.0000
37.8390,0.2000,0.0000
37.8703,0.2000,0.0000
37.9011,0.2000,0.0000
37.9338,0.2000,0.0000
37.9583,0.2000,0.0000
37.9909,0.2000,0.0000
38.0264,0.2000,0.0000
38.0515,0.2000,0.0000
38.0821,0.2000,0.0000
38.1104,0.2000,0.0000
38.1438,0.2000,0.0000
38.1742,0.2000,0.0000
38.2075,0.2000,0.0000
38.2409,0.2000,0.0000
38.2613,0.2000,0.0000
38.2939,0.2000,0.0000
38.3194,0.2000,0.0000
38.3512,0.2000,0.0000
38.3804,0.2000,0.0000
38.4114,0.2000,0.0000
38.4419,0.2000,0.0000
38.4759,0.2000,0.0000
38.4996,0.2000,0.0000
38.5334,0.2000,0.0000
38.5616,0.2000,0.0000
38.5909,0.0000,-0.9000
38.6897,0.0000,0.0000
39.0884,0.0000,-0.9000
39.1191,0.0000,-0.9000
39.1492,0.0000,-0.9000
39.1791,0.0000,-0.9000
39.2098,0.0000,-0.9000
39.2402,0.0000,-0.9000
39.2688,0.0000,-0.9000
39.2999,0.0000,-0.9000
39.3294,0.0000,-0.9000
39.3594,0.0000,-0.9000
39.3902,0.0000,-0.9000
39.4196,0.0000,-0.9000
39.4528,0.0000,-0.9000
39.4832,0.0000,-0.9000
39.5099,0.0000,-0.9000
39.5468,0.0000,-0.9000
39.5797,0.0000,-0.9000
39.6047,0.0000,-0.9000
39.6364,0.0000,-0.9000
39.6757,0.0000,-0.9000
39.6990,0.0000,-0.9000
39.7215,0.0000,-0.9000
39.7542,0.0000,-0.9000
39.7859,0.0000,-0.9000
39.8216,0.0000,-0.9000
39.8481,0.0000,-0.9000
39.8726,0.0000,-0.9000
39.9026,0.0000,-0.9000
39.9341,0.0000,-0.9000
39.9649,0.0000,-0.9000
39.9980,0.0000,-0.9000
40.0282,0.0000,-0.9000
40.0595,0.0000,-0.9000
40.0917,0.0000,-0.9000
40.1121,0.0000,-0.9000
40.1408,0.0000,-0.9000
40.1762,0.0000,-0.9000
40.2038,0.0000,-0.9000
40.2342,0.0000,-0.9000
40.2628,0.0000,-0.9000
40.2916,0.0000,-0.9000
40.3211,0.0000,-0.9000
40.3511,0.0000,-0.9000
40.3816,0.0000,-0.9000
40.4102,0.0000,-0.9000
40.4397,0.0000,-0.9000
40.4733,0.0000,-0.9000
40.5051,0.0000,-0.9000
40.5329,0.0000,-0.9000
40.5608,0.0000,-0.9000
40.5920,0.0000,-0.9000
40.6252,0.0000,-0.9000
40.7244,0.0000,0.0000
41.1303,0.0000,-0.9000
41.1614,0.0000,-0.9000
41.1918,0.0000,-0.9000
41.2211,0.0000,-0.9000
41.2523,0.0000,-0.9000
41.2803,0.0000,-0.9000
41.3099,0.0000,-0.9000
41.3411,0.0000,-0.9000
41.3730,0.0000,-0.9000
41.4018,0.0000,-0.9000
41.4312,0.0000,-0.9000
41.4639,0.0000,-0.9000
41.4906,0.0000,-0.9000
41.5236,0.0000,-0.9000
41.5504,0.0000,-0.9000
41.5823,0.0000,-0.9000
41.6121,0.0000,-0.9000
41.6424,0.0000,-0.9000
41.6711,0.0000,-0.9000
41.7006,0.0000,-0.9000
41.7349,0.0000,-0.9000
41.7653,0.0000,-0.9000
41.7932,0.0000,-0.9000
41.8236,0.0000,-0.9000
41.8593,0.0000,-0.9000
41.8814,0.0000,-0.9000
41.9130,0.0000,-0.9000
41.9420,0.0000,-0.9000
41.9717,0.0000,-0.9000
42.0001,0.0000,-0.9000
42.0375,0.0000,-0.9000
42.0606,0.0000,-0.9000
42.0906,0.0000,-0.9000
42.1238,0.0000,-0.9000
42.1504,0.0000,-0.9000
42.1823,0.0000,-0.9000
42.2109,0.0000,-0.9000
42.2407,0.0000,-0.9000
42.2723,0.0000,-0.9000
42.3019,0.0000,-0.9000
42.3319,0.0000,-0.9000
42.3615,0.0000,-0.9000
42.3919,0.0000,-0.9000
42.4268,0.0000,-0.9000
42.4624,0.0000,-0.9000
42.4906,0.0000,-0.9000
42.5322,0.0000,-0.9000
42.5412,0.0000,-0.9000
42.5721,0.0000,-0.9000
42.6025,0.0000,-0.9000
42.6320,0.0000,-0.9000
42.6637,0.0000,-0.9000
42.6919,0.0000,-0.9000
42.7237,0.0000,-0.9000
42.7569,0.0000,-0.9000
42.7872,0.0000,-0.9000
42.8190,0.0000,-0.9000
42.8505,0.0000,-0.9000
42.8743,0.0000,-0.9000
42.9029,0.0000,-0.9000
42.9375,0.0000,-0.9000
42.9722,0.0000,-0.9000
42.9914,0.0000,-0.9000
43.0221,0.0000,-0.9000
43.0523,0.0000,-0.9000
43.0839,0.0000,-0.9000
43.1132,0.0000,-0.9000
43.1432,0.0000,-0.9000
43.1763,0.0000,-0.9000
43.2028,0.0000,-0.9000
43.2358,0.0000,-0.9000
43.2778,0.0000,-0.9000
43.3051,0.2000,0.0000
43.4053,0.0000,0.0000
43.8044,0.2000,0.0000
43.8344,0.2000,0.0000
43.8694,0.2000,0.0000
43.8997,0.2000,0.0000
43.9256,0.2000,0.0000
43.9576,0.2000,0.0000
43.9906,0.2000,0.0000
44.0195,0.2000,0.0000
44.0533,0.2000,0.0000
44.0798,0.2000,0.0000
44.1045,0.2000,0.0000
44.1377,0.2000,0.0000
44.1651,0.2000,0.0000
44.1980,0.2000,0.0000
44.2279,0.2000,0.0000
44.2604,0.2000,0.0000
44.2909,0.2000,0.0000
44.3228,0.2000,0.0000
44.3469,0.2000,0.0000
44.3755,0.2000,0.0000
44.4062,0.2000,0.0000
44.4361,0.2000,0.0000
44.4664,0.2000,0.0000
44.4951,0.2000,0.0000
44.5262,0.2000,0.0000
44.5545,0.2000,0.0000
44.5882,0.2000,0.0000
44.6148,0.2000,0.0000
44.6455,0.2000,0.0000
44.6756,0.2000,0.0000
44.7057,0.2000,0.0000
44.7384,0.2000,0.0000
44.7739,0.2000,0.0000
44.8088,0.2000,0.0000
44.8355,0.2000,0.0000
44.8660,0.2000,0.0000
44.8948,0.2000,0.0000
44.9184,0.2000,0.0000
44.9498,0.2000,0.0000
44.9840,0.2000,0.0000
45.0186,0.2000,0.0000
45.0399,0.2000,0.0000
45.0738,0.2000,0.0000
45.1060,0.2000,0.0000
45.1313,0.2000,0.0000
45.1593,0.2000,0.0000
45.1870,0.2000,0.0000
45.2201,0.2000,0.0000
45.2559,0.2000,0.0000
45.2865,0.2000,0.0000
45.3059,0.2000,0.0000
45.3362,0.2000,0.0000
45.3679,0.2000,0.0000
45.4027,0.2000,0.0000
45.4243,0.2000,0.0000
45.4557,0.2000,0.0000
45.4852,0.2000,0.0000
45.5158,0.2000,0.0000
45.5465,0.2000,0.0000
45.5809,0.2000,0.0000
45.6155,0.2000,0.0000
45.6445,0.2000,0.0000
45.6759,0.2000,0.0000
45.7065,0.2000,0.0000
45.7275,0.2000,0.0000
45.7578,0.2000,0.0000
45.7892,0.2000,0.0000
45.8244,0.2000,0.0000
45.8503,0.2000,0.0000
45.8833,0.2000,0.0000
45.9165,0.2000,0.0000
45.9344,0.2000,0.0000
45.9660,0.2000,0.0000
46.0039,0.2000,0.0000
46.0253,0.2000,0.0000
46.0557,0.2000,0.0000
46.0873,0.2000,0.0000
46.1146,0.2000,0.0000
46.1466,0.2000,0.0000
46.1748,0.2000,0.0000
46.2081,0.2000,0.0000
46.2371,0.2000,0.0000
46.2718,0.2000,0.0000
46.3044,0.2000,0.0000
46.3278,0.2000,0.0000
46.4252,0.0000,0.0000
