96.2895,0.2000,0.0000
96.3903,0.0000,0.0000
96.7892,0.2000,0.0000
96.8197,0.2000,0.0000
96.8497,0.2000,0.0000
96.8809,0.2000,0.0000
96.9106,0.2000,0.0000
96.9454,0.2000,0.0000
96.9738,0.2000,0.0000
97.0013,0.2000,0.0000
97.0297,0.2000,0.0000
97.0612,0.2000,0.0000
97.0900,0.2000,0.0000
97.1196,0.2000,0.0000
97.1531,0.2000,0.0000
97.1803,0.2000,0.0000
97.2094,0.2000,0.0000
97.2410,0.2000,0.0000
97.2695,0.2000,0.0000
97.3015,0.2000,0.0000
97.3298,0.2000,0.0000
97.3598,0.2000,0.0000
97.3916,0.2000,0.0000
97.4197,0.2000,0.0000
97.4536,0.2000,0.0000
97.4819,0.2000,0.0000
97.5108,0.2000,0.0000
97.5402,0.2000,0.0000
97.5733,0.2000,0.0000
97.6004,0.2000,0.0000
97.6296,0.2000,0.0000
97.6612,0.2000,0.0000
97.6927,0.2000,0.0000
97.7255,0.2000,0.0000
97.7577,0.2000,0.0000
97.7914,0.2000,0.0000
97.8215,0.2000,0.0000
97.8506,0.2000,0.0000
97.8700,0.2000,0.0000
97.9003,0.2000,0.0000
97.9298,0.2000,0.0000
97.9622,0.2000,0.0000
97.9911,0.2000,0.0000
98.0201,0.2000,0.0000
98.0524,0.2000,0.0000
98.0827,0.2000,0.0000
98.1115,0.2000,0.0000
98.1399,0.2000,0.0000
98.1727,0.2000,0.0000
98.1998,0.2000,0.0000
98.2297,0.2000,0.0000
98.2605,0.2000,0.0000
98.2910,0.2000,0.0000
98.3202,0.2000,0.0000
98.3502,0.2000,0.0000
98.3800,0.2000,0.0000
98.4087,0.2000,0.0000
98.4397,0.2000,0.0000
98.4710,0.2000,0.0000
98.4999,0.2000,0.0000
98.5305,0.2000,0.0000
98.5602,0.2000,0.0000
98.5901,0.2000,0.0000
98.6197,0.2000,0.0000
98.6516,0.2000,0.0000
98.6797,0.2000,0.0000
98.7111,0.2000,0.0000
98.7394,0.2000,0.0000
98.7708,0.2000,0.0000
98.8023,0.2000,0.0000
98.8298,0.2000,0.0000
98.8609,0.2000,0.0000
98.8993,0.2000,0.0000
98.9224,0.2000,0.0000
98.9550,0.2000,0.0000
98.9812,0.2000,0.0000
99.0109,0.2000,0.0000
99.0402,0.2000,0.0000
99.0723,0.2000,0.0000
99.1199,0.2000,0.0000
99.1353,0.2000,0.0000
99.1680,0.2000,0.0000
99.2011,0.2000,0.0000
99.2302,0.2000,0.0000
99.2585,0.2000,0.0000
99.2814,0.2000,0.0000
99.3133,0.2000,0.0000
99.3399,0.2000,0.0000
99.3701,0.2000,0.0000
99.4013,0.2000,0.0000
99.4295,0.2000,0.0000
99.4616,0.2000,0.0000
99.4909,0.2000,0.0000
99.5201,0.2000,0.0000
99.5525,0.2000,0.0000
99.5828,0.2000,0.0000
99.6099,0.2000,0.0000
99.6394,0.2000,0.0000
99.6705,0.2000,0.0000
99.7003,0.2000,0.0000
99.7296,0.2000,0.0000
99.7624,0.2000,0.0000
99.7954,0.2000,0.0000
99.8204,0.2000,0.0000
99.8493,0.2000,0.0000
99.8857,0.2000,0.0000
99.9100,0.2000,0.0000
99.9394,0.2000,0.0000
99.9711,0.2000,0.0000
100.0007,0.2000,0.0000
100.0308,0.2000,0.0000
100.0613,0.2000,0.0000
100.0916,0.2000,0.0000
100.1206,0.2000,0.0000
100.1506,0.2000,0.0000
100.1814,0.2000,0.0000
100.2104,0.2000,0.0000
100.2389,0.2000,0.0000
100.2722,0.2000,0.0000
100.3008,0.2000,0.0000
100.3311,0.2000,0.0000
100.3642,0.2000,0.0000
100.3910,0.2000,0.0000
100.4205,0.2000,0.0000
100.4498,0.2000,0.0000
100.4807,0.2000,0.0000
100.5098,0.2000,0.0000
100.5394,0.2000,0.0000
100.5718,0.2000,0.0000
100.6027,0.2000,0.0000
100.6299,0.2000,0.0000
100.6609,0.2000,0.0000
100.6901,0.2000,0.0000
100.7209,0.2000,0.0000
100.7494,0.2000,0.0000
100.7807,0.2000,0.0000
100.8112,0.2000,0.0000
100.8404,0.2000,0.0000
100.8720,0.2000,0.0000
100.9000,0.2000,0.0000
100.9300,0.2000,0.0000
100.9604,0.2000,0.0000
100.9911,0.2000,0.0000
101.0207,0.2000,0.0000
101.0503,0.2000,0.0000
101.0839,0.2000,0.0000
101.1111,0.2000,0.0000
101.1401,0.2000,0.0000
101.1753,0.2000,0.0000
101.2020,0.2000,0.0000
101.2316,0.2000,0.0000
101.2610,0.2000,0.0000
101.2920,0.2000,0.0000
101.3198,0.2000,0.0000
101.3493,0.2000,0.0000
101.3811,0.2000,0.0000
101.4102,0.2000,0.0000
101.4398,0.2000,0.0000
101.4739,0.2000,0.0000
101.5035,0.2000,0.0000
101.5307,0.2000,0.0000
101.5591,0.2000,0.0000
101.5913,0.2000,0.0000
101.6208,0.2000,0.0000
101.6495,0.2000,0.0000
101.6806,0.2000,0.0000
101.7157,0.2000,0.0000
101.7407,0.2000,0.0000
101.7708,0.2000,0.0000
101.8001,0.2000,0.0000
101.8313,0.2000,0.0000
101.8598,0.2000,0.0000
101.8895,0.2000,0.0000
101.9207,0.2000,0.0000
101.9496,0.2000,0.0000
101.9808,0.2000,0.0000
102.0101,0.2000,0.0000
102.0406,0.2000,0.0000
102.0713,0.2000,0.0000
102.1001,0.2000,0.0000
102.1318,0.2000,0.0000
102.1593,0.2000,0.0000
102.1916,0.2000,0.0000
102.2222,0.2000,0.0000
102.2504,0.2000,0.0000
102.2828,0.2000,0.0000
102.3098,0.2000,0.0000
102.3405,0.2000,0.0000
102.3731,0.2000,0.0000
102.4018,0.2000,0.0000
102.4294,0.2000,0.0000
102.4600,0.2000,0.0000
102.4911,0.2000,0.0000
102.5228,0.2000,0.0000
102.5503,0.2000,0.0000
102.5816,0.2000,0.0000
102.6101,0.2000,0.0000
102.6405,0.2000,0.0000
102.6753,0.2000,0.0000
102.7012,0.2000,0.0000
102.7305,0.2000,0.0000
102.7592,0.2000,0.0000
102.7924,0.2000,0.0000
102.8201,0.2000,0.0000
102.8502,0.2000,0.0000
102.8801,0.2000,0.0000
102.9102,0.2000,0.0000
102.9401,0.2000,0.0000
102.9722,0.2000,0.0000
103.0011,0.2000,0.0000
103.0305,0.2000,0.0000
103.0603,0.2000,0.0000
103.0903,0.2000,0.0000
103.1207,0.2000,0.0000
103.1497,0.2000,0.0000
103.1848,0.2000,0.0000
103.2127,0.2000,0.0000
103.2409,0.2000,0.0000
103.2707,0.2000,0.0000
103.3018,0.2000,0.0000
103.3323,0.2000,0.0000
103.3600,0.2000,0.0000
103.3900,0.2000,0.0000
103.4191,0.2000,0.0000
103.4502,0.2000,0.0000
103.4836,0.2000,0.0000
103.5098,0.2000,0.0000
103.5405,0.2000,0.0000
103.5704,0.2000,0.0000
103.6030,0.2000,0.0000
103.6296,0.2000,0.0000
103.6608,0.2000,0.0000
103.6920,0.2000,0.0000
103.7200,0.2000,0.0000
103.7511,0.2000,0.0000
103.7800,0.2000,0.0000
103.8109,0.2000,0.0000
103.8397,0.2000,0.0000
103.8711,0.2000,0.0000
103.9018,0.2000,0.0000
103.9307,0.2000,0.0000
103.9597,0.2000,0.0000
103.9892,0.2000,0.0000
104.0226,0.2000,0.0000
104.0502,0.2000,0.0000
104.0821,0.2000,0.0000
104.1099,0.2000,0.0000
104.1394,0.2000,0.0000
104.1702,0.2000,0.0000
104.2021,0.2000,0.0000
104.2297,0.2000,0.0000
104.2597,0.2000,0.0000
104.2922,0.2000,0.0000
104.3205,0.2000,0.0000
104.3503,0.2000,0.0000
104.3831,0.2000,0.0000
104.4121,0.2000,0.0000
104.4412,0.2000,0.0000
104.4703,0.2000,0.0000
104.5050,0.2000,0.0000
104.5305,0.2000,0.0000
104.5620,0.2000,0.0000
104.5951,0.2000,0.0000
104.6206,0.2000,0.0000
104.6504,0.2000,0.0000
104.6825,0.2000,0.0000
104.7123,0.2000,0.0000
104.7413,0.2000,0.0000
104.7711,0.2000,0.0000
104.8028,0.2000,0.0000
104.8301,0.2000,0.0000
104.8602,0.2000,0.0000
104.8923,0.2000,0.0000
104.9215,0.2000,0.0000
104.9516,0.2000,0.0000
104.9830,0.2000,0.0000
105.0100,0.2000,0.0000
105.0415,0.2000,0.0000
105.0703,0.2000,0.0000
105.0994,0.2000,0.0000
105.1304,0.2000,0.0000
105.1607,0.2000,0.0000
105.1902,0.2000,0.0000
105.2222,0.2000,0.0000
105.2502,0.2000,0.0000
105.2827,0.2000,0.0000
105.3123,0.2000,0.0000
105.3413,0.2000,0.0000
105.3698,0.2000,0.0000
105.4005,0.2000,0.0000
105.4309,0.2000,0.0000
105.4602,0.2000,0.0000
105.4903,0.2000,0.0000
105.5220,0.2000,0.0000
105.5502,0.2000,0.0000
105.5798,0.2000,0.0000
105.6119,0.2000,0.0000
105.6398,0.2000,0.0000
105.7306,0.2000,0.0000
105.8308,0.0000,0.0000
106.2315,0.2000,0.0000
106.2600,0.2000,0.0000
106.2914,0.2000,0.0000
106.3208,0.2000,0.0000
106.3509,0.2000,0.0000
106.3808,0.2000,0.0000
106.4131,0.2000,0.0000
106.4405,0.2000,0.0000
106.4707,0.2000,0.0000
106.5019,0.2000,0.0000
106.5319,0.2000,0.0000
106.5610,0.2000,0.0000
106.5930,0.2000,0.0000
106.6212,0.2000,0.0000
106.6512,0.2000,0.0000
106.7513,0.0000,0.0000
107.0902,0.0000,-0.9000
107.1911,0.0000,0.0000
107.5938,0.0000,-0.9000
107.6228,0.0000,-0.9000
107.6503,0.0000,-0.9000
107.6795,0.0000,-0.9000
107.7100,0.0000,-0.9000
107.7402,0.0000,-0.9000
107.7697,0.0000,-0.9000
107.8008,0.0000,-0.9000
107.8301,0.0000,-0.9000
107.8611,0.0000,-0.9000
107.8897,0.0000,-0.9000
107.9210,0.0000,-0.9000
107.9499,0.0000,-0.9000
107.9794,0.0000,-0.9000
108.0088,0.0000,-0.9000
108.0402,0.0000,-0.9000
108.0705,0.0000,-0.9000
108.1011,0.0000,-0.9000
108.1304,0.0000,-0.9000
108.1605,0.0000,-0.9000
108.1900,0.0000,-0.9000
108.2224,0.0000,-0.9000
108.2511,0.0000,-0.9000
108.2801,0.0000,-0.9000
108.3113,0.0000,-0.9000
108.3407,0.0000,-0.9000
108.3697,0.0000,-0.9000
108.4036,0.0000,-0.9000
108.4299,0.0000,-0.9000
108.4610,0.0000,-0.9000
108.4908,0.0000,-0.9000
108.5217,0.0000,-0.9000
108.5534,0.0000,-0.9000
108.5806,0.0000,-0.9000
108.6154,0.0000,-0.9000
108.6426,0.0000,-0.9000
108.6706,0.0000,-0.9000
108.6997,0.0000,-0.9000
108.7321,0.0000,-0.9000
108.7596,0.0000,-0.9000
108.7896,0.0000,-0.9000
108.8226,0.0000,-0.9000
108.8504,0.0000,-0.9000
108.8803,0.0000,-0.9000
108.9111,0.0000,-0.9000
108.9397,0.0000,-0.9000
108.9700,0.0000,-0.9000
108.9990,0.0000,-0.9000
109.0308,0.0000,-0.9000
109.0607,0.0000,-0.9000
109.1096,0.0000,-0.9000
109.1238,0.0000,-0.9000
109.1516,0.0000,-0.9000
109.1809,0.0000,-0.9000
109.2197,0.2000,0.0000
109.3197,0.0000,0.0000
109.7192,0.2000,0.0000
109.7492,0.2000,0.0000
109.7801,0.2000,0.0000
109.8114,0.2000,0.0000
109.8390,0.2000,0.0000
109.8692,0.2000,0.0000
109.8994,0.2000,0.0000
109.9294,0.2000,0.0000
109.9586,0.2000,0.0000
109.9899,0.2000,0.0000
110.0194,0.2000,0.0000
110.0506,0.2000,0.0000
110.0795,0.2000,0.0000
110.1109,0.2000,0.0000
110.1404,0.2000,0.0000
110.1696,0.2000,0.0000
110.1999,0.2000,0.0000
110.2287,0.2000,0.0000
110.2585,0.2000,0.0000
110.2885,0.2000,0.0000
110.3226,0.2000,0.0000
110.3490,0.2000,0.0000
110.3794,0.2000,0.0000
110.4152,0.2000,0.0000
110.4425,0.2000,0.0000
110.4696,0.2000,0.0000
110.4993,0.2000,0.0000
110.5285,0.2000,0.0000
110.5595,0.2000,0.0000
110.5888,0.2000,0.0000
110.6242,0.2000,0.0000
110.6496,0.2000,0.0000
110.6794,0.2000,0.0000
110.7088,0.2000,0.0000
110.7406,0.2000,0.0000
110.7696,0.2000,0.0000
110.7993,0.2000,0.0000
110.8310,0.2000,0.0000
110.8607,0.2000,0.0000
110.8908,0.2000,0.0000
110.9220,0.2000,0.0000
110.9519,0.2000,0.0000
110.9804,0.2000,0.0000
111.0081,0.2000,0.0000
111.0392,0.2000,0.0000
111.0694,0.2000,0.0000
111.0994,0.2000,0.0000
111.1285,0.2000,0.0000
111.1599,0.2000,0.0000
111.1897,0.2000,0.0000
111.2204,0.2000,0.0000
111.2485,0.2000,0.0000
111.2799,0.2000,0.0000
111.3083,0.2000,0.0000
111.3408,0.2000,0.0000
111.3687,0.2000,0.0000
111.3995,0.2000,0.0000
111.4295,0.2000,0.0000
111.4584,0.2000,0.0000
111.4890,0.2000,0.0000
111.5237,0.2000,0.0000
111.5493,0.2000,0.0000
111.5813,0.2000,0.0000
111.6086,0.2000,0.0000
111.6388,0.2000,0.0000
111.6689,0.2000,0.0000
111.6991,0.2000,0.0000
111.7330,0.2000,0.0000
111.7615,0.2000,0.0000
111.7892,0.2000,0.0000
111.8247,0.2000,0.0000
111.8510,0.2000,0.0000
111.8819,0.2000,0.0000
111.9097,0.2000,0.0000
111.9394,0.2000,0.0000
111.9706,0.2000,0.0000
112.0002,0.2000,0.0000
112.0313,0.2000,0.0000
112.0599,0.2000,0.0000
112.0887,0.2000,0.0000
112.1190,0.2000,0.0000
112.1503,0.2000,0.0000
112.1795,0.2000,0.0000
112.2086,0.2000,0.0000
112.2394,0.2000,0.0000
112.2684,0.2000,0.0000
112.2990,0.2000,0.0000
112.3306,0.2000,0.0000
112.3599,0.2000,0.0000
112.3892,0.2000,0.0000
112.4184,0.2000,0.0000
112.4494,0.2000,0.0000
112.4784,0.2000,0.0000
112.5086,0.2000,0.0000
112.5387,0.2000,0.0000
112.5682,0.2000,0.0000
112.6000,0.2000,0.0000
112.6289,0.2000,0.0000
112.6590,0.2000,0.0000
112.6894,0.2000,0.0000
112.7188,0.2000,0.0000
112.7536,0.2000,0.0000
112.7783,0.2000,0.0000
112.8091,0.2000,0.0000
112.8391,0.2000,0.0000
112.8701,0.2000,0.0000
112.8994,0.2000,0.0000
112.9307,0.2000,0.0000
112.9594,0.2000,0.0000
112.9896,0.2000,0.0000
113.0184,0.2000,0.0000
113.0558,0.2000,0.0000
113.0785,0.2000,0.0000
113.1085,0.2000,0.0000
113.1403,0.2000,0.0000
113.1712,0.2000,0.0000
113.1999,0.2000,0.0000
113.2298,0.2000,0.0000
113.2614,0.2000,0.0000
113.2901,0.2000,0.0000
113.3187,0.2000,0.0000
113.3488,0.2000,0.0000
113.3790,0.2000,0.0000
113.4097,0.2000,0.0000
113.4426,0.2000,0.0000
113.4711,0.2000,0.0000
113.5001,0.2000,0.0000
113.5285,0.2000,0.0000
113.5596,0.2000,0.0000
113.5888,0.2000,0.0000
113.6191,0.2000,0.0000
113.6508,0.2000,0.0000
113.6790,0.2000,0.0000
113.7112,0.2000,0.0000
113.7405,0.2000,0.0000
113.7696,0.2000,0.0000
113.7991,0.2000,0.0000
113.8283,0.2000,0.0000
113.8587,0.2000,0.0000
113.8893,0.2000,0.0000
113.9195,0.2000,0.0000
113.9492,0.2000,0.0000
113.9786,0.2000,0.0000
114.0087,0.2000,0.0000
114.0396,0.2000,0.0000
114.0715,0.2000,0.0000
114.1065,0.2000,0.0000
114.1285,0.2000,0.0000
114.1584,0.2000,0.0000
114.1894,0.2000,0.0000
114.2191,0.2000,0.0000
114.2498,0.2000,0.0000
114.2792,0.2000,0.0000
114.3103,0.2000,0.0000
114.3423,0.2000,0.0000
114.3714,0.2000,0.0000
114.4015,0.2000,0.0000
114.4291,0.2000,0.0000
114.5295,0.0000,0.0000
114.6585,0.0000,0.9000
114.7596,0.0000,0.0000
115.1618,0.0000,0.9000
115.1886,0.0000,0.9000
115.2192,0.0000,0.9000
115.2477,0.0000,0.9000
115.2774,0.0000,0.9000
115.3080,0.0000,0.9000
115.3398,0.0000,0.9000
115.3695,0.0000,0.9000
115.3990,0.0000,0.9000
115.4270,0.0000,0.9000
115.4593,0.0000,0.9000
115.4879,0.0000,0.9000
115.5181,0.0000,0.9000
115.5489,0.0000,0.9000
115.5780,0.0000,0.9000
115.6090,0.0000,0.9000
115.6378,0.0000,0.9000
115.6697,0.0000,0.9000
115.6975,0.0000,0.9000
115.7275,0.0000,0.9000
115.7587,0.0000,0.9000
115.7883,0.0000,0.9000
115.8176,0.0000,0.9000
115.8488,0.0000,0.9000
115.8787,0.0000,0.9000
115.9083,0.0000,0.9000
115.9377,0.0000,0.9000
115.9700,0.0000,0.9000
115.9985,0.0000,0.9000
116.0276,0.0000,0.9000
116.0570,0.0000,0.9000
116.0889,0.0000,0.9000
116.1187,0.0000,0.9000
116.1474,0.0000,0.9000
116.1785,0.0000,0.9000
116.2072,0.0000,0.9000
116.2386,0.0000,0.9000
116.2686,0.0000,0.9000
116.2978,0.0000,0.9000
116.3283,0.0000,0.9000
116.3597,0.0000,0.9000
116.3872,0.0000,0.9000
116.4181,0.0000,0.9000
116.4476,0.0000,0.9000
116.4786,0.0000,0.9000
116.5074,0.0000,0.9000
116.5381,0.0000,0.9000
116.5716,0.0000,0.9000
116.5987,0.0000,0.9000
116.6287,0.0000,0.9000
116.6584,0.0000,0.9000
116.6891,0.0000,0.9000
116.7177,0.0000,0.9000
116.7486,0.0000,0.9000
116.7782,0.0000,0.9000
116.8072,0.0000,0.9000
116.8380,0.0000,0.9000
116.8694,0.0000,0.9000
116.8975,0.0000,0.9000
116.9288,0.0000,0.9000
116.9577,0.0000,0.9000
116.9877,0.0000,0.9000
117.0183,0.0000,0.9000
117.0488,0.0000,0.9000
117.0778,0.0000,0.9000
117.1085,0.0000,0.9000
117.1372,0.0000,0.9000
117.1724,0.0000,0.9000
117.1992,0.0000,0.9000
117.2270,0.0000,0.9000
117.2601,0.0000,0.9000
117.2888,0.0000,0.9000
117.3181,0.0000,0.9000
117.3470,0.0000,0.9000
117.3789,0.0000,0.9000
117.4100,0.0000,0.9000
117.4381,0.0000,0.9000
117.4684,0.0000,0.9000
117.4977,0.0000,0.9000
117.5288,0.0000,0.9000
117.5584,0.0000,0.9000
117.5884,0.0000,0.9000
117.6193,0.0000,0.9000
117.6481,0.0000,0.9000
117.6778,0.0000,0.9000
117.7093,0.0000,0.9000
117.7378,0.0000,0.9000
117.7700,0.0000,0.9000
117.7990,0.0000,0.9000
117.8289,0.0000,0.9000
117.8594,0.0000,0.9000
117.8879,0.0000,0.9000
117.9195,0.0000,0.9000
117.9480,0.0000,0.9000
117.9784,0.0000,0.9000
118.0092,0.0000,0.9000
118.0377,0.0000,0.9000
118.0704,0.0000,0.9000
118.0980,0.0000,0.9000
118.1278,0.0000,0.9000
118.1579,0.0000,0.9000
118.1883,0.0000,0.9000
118.2185,0.0000,0.9000
118.3189,0.0000,0.0000
118.3558,0.2000,0.0000
118.4547,0.0000,0.0000
118.8536,0.2000,0.0000
118.8893,0.2000,0.0000
118.9156,0.2000,0.0000
118.9437,0.2000,0.0000
118.9744,0.2000,0.0000
119.0061,0.2000,0.0000
119.0349,0.2000,0.0000
119.0690,0.2000,0.0000
119.1166,0.2000,0.0000
119.1246,0.2000,0.0000
119.1550,0.2000,0.0000
119.1871,0.2000,0.0000
119.2164,0.2000,0.0000
119.2442,0.2000,0.0000
119.2745,0.2000,0.0000
119.3059,0.2000,0.0000
119.3354,0.2000,0.0000
119.3654,0.2000,0.0000
119.3952,0.2000,0.0000
119.4250,0.2000,0.0000
119.4547,0.2000,0.0000
119.4847,0.2000,0.0000
119.5154,0.2000,0.0000
119.5443,0.2000,0.0000
119.5753,0.2000,0.0000
119.6055,0.2000,0.0000
119.6350,0.2000,0.0000
119.6695,0.2000,0.0000
119.6949,0.2000,0.0000
119.7247,0.2000,0.0000
119.7546,0.2000,0.0000
119.7882,0.2000,0.0000
119.8151,0.2000,0.0000
119.8442,0.2000,0.0000
119.8768,0.2000,0.0000
119.9051,0.2000,0.0000
119.9348,0.2000,0.0000
119.9717,0.2000,0.0000
119.9943,0.2000,0.0000
120.0251,0.2000,0.0000
120.0550,0.2000,0.0000
120.0845,0.2000,0.0000
120.1156,0.2000,0.0000
120.1439,0.2000,0.0000
120.1744,0.2000,0.0000
120.2060,0.2000,0.0000
120.2352,0.2000,0.0000
120.2679,0.2000,0.0000
120.2944,0.2000,0.0000
120.3240,0.2000,0.0000
120.3540,0.2000,0.0000
120.3856,0.2000,0.0000
120.4186,0.2000,0.0000
120.4455,0.2000,0.0000
120.4777,0.2000,0.0000
120.5049,0.2000,0.0000
120.5348,0.2000,0.0000
120.5720,0.2000,0.0000
120.5964,0.2000,0.0000
120.6256,0.2000,0.0000
120.6551,0.2000,0.0000
120.6855,0.2000,0.0000
120.7173,0.2000,0.0000
120.7451,0.2000,0.0000
120.7752,0.2000,0.0000
120.8075,0.2000,0.0000
120.8349,0.2000,0.0000
120.8654,0.2000,0.0000
120.8939,0.2000,0.0000
120.9270,0.2000,0.0000
120.9541,0.2000,0.0000
120.9860,0.2000,0.0000
121.0173,0.2000,0.0000
121.0446,0.2000,0.0000
121.0754,0.2000,0.0000
121.1058,0.2000,0.0000
121.1368,0.2000,0.0000
121.1653,0.2000,0.0000
121.1941,0.2000,0.0000
121.2249,0.2000,0.0000
121.2554,0.2000,0.0000
121.2883,0.2000,0.0000
121.3162,0.2000,0.0000
121.3447,0.2000,0.0000
121.3750,0.2000,0.0000
121.4053,0.2000,0.0000
121.4353,0.2000,0.0000
121.4635,0.2000,0.0000
121.4945,0.2000,0.0000
121.5250,0.2000,0.0000
121.5540,0.2000,0.0000
121.5871,0.2000,0.0000
121.6158,0.2000,0.0000
121.6435,0.2000,0.0000
121.6781,0.2000,0.0000
121.7050,0.2000,0.0000
121.7348,0.2000,0.0000
121.7659,0.2000,0.0000
121.7940,0.2000,0.0000
121.8246,0.2000,0.0000
121.8542,0.2000,0.0000
121.8891,0.2000,0.0000
121.9172,0.2000,0.0000
121.9444,0.2000,0.0000
121.9739,0.2000,0.0000
122.0070,0.2000,0.0000
122.0339,0.2000,0.0000
122.0647,0.2000,0.0000
122.0956,0.2000,0.0000
122.1245,0.2000,0.0000
122.1548,0.2000,0.0000
122.1848,0.2000,0.0000
122.2175,0.2000,0.0000
122.2442,0.2000,0.0000
122.2741,0.2000,0.0000
122.3065,0.2000,0.0000
122.3364,0.2000,0.0000
122.3654,0.2000,0.0000
122.3940,0.2000,0.0000
122.4240,0.2000,0.0000
122.4544,0.2000,0.0000
122.4868,0.2000,0.0000
122.5165,0.2000,0.0000
122.5442,0.2000,0.0000
122.5740,0.2000,0.0000
122.6077,0.2000,0.0000
122.6340,0.2000,0.0000
122.6654,0.2000,0.0000
122.6944,0.2000,0.0000
122.7242,0.2000,0.0000
122.7541,0.2000,0.0000
122.7866,0.2000,0.0000
122.8151,0.2000,0.0000
122.8458,0.2000,0.0000
122.8737,0.2000,0.0000
122.9049,0.2000,0.0000
122.9362,0.2000,0.0000
122.9657,0.2000,0.0000
122.9974,0.2000,0.0000
123.0245,0.2000,0.0000
123.0541,0.2000,0.0000
123.0851,0.2000,0.0000
123.1167,0.2000,0.0000
123.1455,0.2000,0.0000
123.1744,0.2000,0.0000
123.2057,0.2000,0.0000
123.2352,0.2000,0.0000
123.2653,0.2000,0.0000
123.2943,0.2000,0.0000
123.3246,0.2000,0.0000
123.3555,0.2000,0.0000
123.3892,0.2000,0.0000
123.4184,0.2000,0.0000
123.4442,0.2000,0.0000
123.4744,0.2000,0.0000
123.5054,0.2000,0.0000
123.5347,0.2000,0.0000
123.5636,0.2000,0.0000
123.5946,0.2000,0.0000
123.6236,0.2000,0.0000
123.6553,0.2000,0.0000
123.6857,0.2000,0.0000
123.7156,0.2000,0.0000
123.7448,0.2000,0.0000
123.7740,0.2000,0.0000
123.8054,0.2000,0.0000
123.8350,0.2000,0.0000
123.8654,0.2000,0.0000
123.8955,0.2000,0.0000
123.9246,0.2000,0.0000
123.9537,0.2000,0.0000
123.9848,0.2000,0.0000
124.0161,0.2000,0.0000
124.0446,0.2000,0.0000
124.0740,0.2000,0.0000
124.1052,0.2000,0.0000
124.1345,0.2000,0.0000
124.1673,0.2000,0.0000
124.1964,0.2000,0.0000
124.2272,0.2000,0.0000
124.2547,0.2000,0.0000
124.2846,0.2000,0.0000
124.3173,0.2000,0.0000
124.3446,0.2000,0.0000
124.3742,0.2000,0.0000
124.4054,0.2000,0.0000
124.4342,0.2000,0.0000
124.4662,0.2000,0.0000
124.4967,0.2000,0.0000
124.5260,0.2000,0.0000
124.5552,0.2000,0.0000
124.5838,0.2000,0.0000
124.6167,0.2000,0.0000
124.6436,0.2000,0.0000
124.6744,0.2000,0.0000
124.7045,0.2000,0.0000
124.7347,0.2000,0.0000
124.7654,0.2000,0.0000
124.7946,0.2000,0.0000
124.8255,0.2000,0.0000
124.8551,0.2000,0.0000
124.8848,0.2000,0.0000
124.9134,0.2000,0.0000
124.9446,0.2000,0.0000
124.9734,0.2000,0.0000
125.0056,0.2000,0.0000
125.0363,0.2000,0.0000
125.0649,0.2000,0.0000
125.0957,0.2000,0.0000
125.1259,0.2000,0.0000
125.1558,0.2000,0.0000
125.1842,0.2000,0.0000
125.2178,0.2000,0.0000
125.2452,0.2000,0.0000
125.3456,0.0000,0.0000
125.9703,0.2000,0.0000
126.0707,0.0000,0.0000
126.4698,0.2000,0.0000
126.5028,0.2000,0.0000
126.5314,0.2000,0.0000
126.5602,0.2000,0.0000
126.5905,0.2000,0.0000
126.6203,0.2000,0.0000
126.6514,0.2000,0.0000
126.6812,0.2000,0.0000
126.7110,0.2000,0.0000
126.7397,0.2000,0.0000
126.7733,0.2000,0.0000
126.8049,0.2000,0.0000
126.8334,0.2000,0.0000
126.8608,0.2000,0.0000
126.8920,0.2000,0.0000
126.9919,0.0000,0.0000
